Statistics for Chromatic Number:
  Mean: 6.300
  Median: 6.000
  Mode: 6
  Standard Deviation: 0.640
  Variance: 0.410
  Min: 5
  Max: 8
  IQR: 1.000

Statistics for Execution Time (seconds):
  Mean: 14.961
  Median: 15.349
  Mode: 12.68114972114563
  Standard Deviation: 1.094
  Variance: 1.197
  Min: 12.68114972114563
  Max: 16.30144739151001
  IQR: 1.495

