Statistics for Chromatic Number:
  Mean: 9.433
  Median: 9.000
  Mode: 9
  Standard Deviation: 0.496
  Variance: 0.246
  Min: 9
  Max: 10
  IQR: 1.000

Statistics for Execution Time (seconds):
  Mean: 29.589
  Median: 30.023
  Mode: 21.531439781188965
  Standard Deviation: 3.240
  Variance: 10.500
  Min: 21.531439781188965
  Max: 37.67225217819214
  IQR: 2.470

