Statistics for Chromatic Number:
  Mean: 13.767
  Median: 14.000
  Mode: 14
  Standard Deviation: 0.667
  Variance: 0.446
  Min: 13
  Max: 15
  IQR: 1.000

Statistics for Execution Time (seconds):
  Mean: 84.470
  Median: 91.687
  Mode: 58.371522188186646
  Standard Deviation: 12.672
  Variance: 160.572
  Min: 58.371522188186646
  Max: 98.6533875465393
  IQR: 15.263

