Statistics for Chromatic Number:
  Mean: 11.000
  Median: 11.000
  Mode: 11
  Standard Deviation: 0.000
  Variance: 0.000
  Min: 11
  Max: 11
  IQR: 0.000

Statistics for Execution Time (seconds):
  Mean: 15.762
  Median: 15.798
  Mode: 13.489107131958008
  Standard Deviation: 1.203
  Variance: 1.448
  Min: 13.489107131958008
  Max: 19.534104824066162
  IQR: 1.614

