Statistics for Chromatic Number:
  Mean: 10.000
  Median: 10.000
  Mode: 10
  Standard Deviation: 0.000
  Variance: 0.000
  Min: 10
  Max: 10
  IQR: 0.000

Statistics for Execution Time (seconds):
  Mean: 14.208
  Median: 14.345
  Mode: 12.68410849571228
  Standard Deviation: 0.682
  Variance: 0.465
  Min: 12.68410849571228
  Max: 15.965989589691162
  IQR: 0.846

