Statistics for Chromatic Number:
  Mean: 4.067
  Median: 4.000
  Mode: 4
  Standard Deviation: 0.249
  Variance: 0.062
  Min: 4
  Max: 5
  IQR: 0.000

Statistics for Execution Time (seconds):
  Mean: 5.812
  Median: 5.745
  Mode: 5.607483148574829
  Standard Deviation: 0.223
  Variance: 0.050
  Min: 5.607483148574829
  Max: 6.628697395324707
  IQR: 0.111

