Statistics for Chromatic Number:
  Mean: 12.700
  Median: 13.000
  Mode: 11
  Standard Deviation: 1.531
  Variance: 2.343
  Min: 10
  Max: 16
  IQR: 3.000

Statistics for Execution Time (seconds):
  Mean: 42.820
  Median: 42.260
  Mode: 34.760597467422485
  Standard Deviation: 4.614
  Variance: 21.293
  Min: 34.760597467422485
  Max: 53.68423652648926
  IQR: 5.372

