Statistics for Chromatic Number:
  Mean: 5.900
  Median: 5.000
  Mode: 5
  Standard Deviation: 0.978
  Variance: 0.957
  Min: 5
  Max: 7
  IQR: 2.000

Statistics for Execution Time (seconds):
  Mean: 8.216
  Median: 8.195
  Mode: 7.012725353240967
  Standard Deviation: 0.540
  Variance: 0.292
  Min: 7.012725353240967
  Max: 9.418416261672974
  IQR: 0.696

