Statistics for Chromatic Number:
  Mean: 17.567
  Median: 17.000
  Mode: 17
  Standard Deviation: 0.803
  Variance: 0.646
  Min: 16
  Max: 20
  IQR: 1.000

Statistics for Execution Time (seconds):
  Mean: 65.305
  Median: 63.949
  Mode: 57.15548896789551
  Standard Deviation: 6.351
  Variance: 40.338
  Min: 57.15548896789551
  Max: 77.095210313797
  IQR: 10.787

