Statistics for Chromatic Number:
  Mean: 14.200
  Median: 14.000
  Mode: 14
  Standard Deviation: 0.653
  Variance: 0.427
  Min: 13
  Max: 16
  IQR: 0.750

Statistics for Execution Time (seconds):
  Mean: 39.482
  Median: 39.721
  Mode: 31.215001344680786
  Standard Deviation: 4.122
  Variance: 16.989
  Min: 31.215001344680786
  Max: 47.394182205200195
  IQR: 6.279

