Statistics for Chromatic Number:
  Mean: 10.333
  Median: 10.000
  Mode: 10
  Standard Deviation: 0.471
  Variance: 0.222
  Min: 10
  Max: 11
  IQR: 1.000

Statistics for Execution Time (seconds):
  Mean: 20.792
  Median: 20.873
  Mode: 16.717917680740356
  Standard Deviation: 1.702
  Variance: 2.898
  Min: 16.717917680740356
  Max: 25.08813714981079
  IQR: 1.998

