Statistics for Chromatic Number:
  Mean: 12.000
  Median: 12.000
  Mode: 12
  Standard Deviation: 0.577
  Variance: 0.333
  Min: 11
  Max: 13
  IQR: 0.000

Statistics for Execution Time (seconds):
  Mean: 28.835
  Median: 28.376
  Mode: 22.872637271881104
  Standard Deviation: 3.016
  Variance: 9.096
  Min: 22.872637271881104
  Max: 33.51215171813965
  IQR: 4.748

