Statistics for Chromatic Number:
  Mean: 15.533
  Median: 15.500
  Mode: 15
  Standard Deviation: 0.670
  Variance: 0.449
  Min: 14
  Max: 17
  IQR: 1.000

Statistics for Execution Time (seconds):
  Mean: 50.922
  Median: 51.739
  Mode: 43.144856691360474
  Standard Deviation: 4.364
  Variance: 19.042
  Min: 43.144856691360474
  Max: 58.98733878135681
  IQR: 7.357

