Statistics for Chromatic Number:
  Mean: 8.500
  Median: 8.500
  Mode: 8
  Standard Deviation: 0.500
  Variance: 0.250
  Min: 8
  Max: 9
  IQR: 1.000

Statistics for Execution Time (seconds):
  Mean: 13.776
  Median: 13.849
  Mode: 9.198115587234497
  Standard Deviation: 1.400
  Variance: 1.961
  Min: 9.198115587234497
  Max: 17.59144949913025
  IQR: 1.097

