Statistics for Chromatic Number:
  Mean: 22.067
  Median: 22.000
  Mode: 22
  Standard Deviation: 0.964
  Variance: 0.929
  Min: 20
  Max: 25
  IQR: 1.750

Statistics for Execution Time (seconds):
  Mean: 101.102
  Median: 98.212
  Mode: 89.30632185935974
  Standard Deviation: 8.910
  Variance: 79.391
  Min: 89.30632185935974
  Max: 119.02460670471191
  IQR: 16.045

