Statistics for Chromatic Number:
  Mean: 11.100
  Median: 11.000
  Mode: 11
  Standard Deviation: 0.300
  Variance: 0.090
  Min: 11
  Max: 12
  IQR: 0.000

Statistics for Execution Time (seconds):
  Mean: 25.427
  Median: 25.970
  Mode: 18.176135778427124
  Standard Deviation: 2.312
  Variance: 5.344
  Min: 18.176135778427124
  Max: 28.377037286758423
  IQR: 2.298

