Statistics for Chromatic Number:
  Mean: 11.467
  Median: 11.000
  Mode: 11
  Standard Deviation: 0.499
  Variance: 0.249
  Min: 11
  Max: 12
  IQR: 1.000

Statistics for Execution Time (seconds):
  Mean: 20.302
  Median: 20.272
  Mode: 17.960411310195923
  Standard Deviation: 1.050
  Variance: 1.103
  Min: 17.960411310195923
  Max: 21.973804235458374
  IQR: 1.653

