Statistics for Chromatic Number:
  Mean: 9.100
  Median: 9.000
  Mode: 9
  Standard Deviation: 0.300
  Variance: 0.090
  Min: 9
  Max: 10
  IQR: 0.000

Statistics for Execution Time (seconds):
  Mean: 30.676
  Median: 31.039
  Mode: 28.028638124465942
  Standard Deviation: 1.588
  Variance: 2.520
  Min: 28.028638124465942
  Max: 32.48282170295715
  IQR: 2.930

