Statistics for Chromatic Number:
  Mean: 14.100
  Median: 14.000
  Mode: 15
  Standard Deviation: 0.831
  Variance: 0.690
  Min: 13
  Max: 15
  IQR: 1.750

Statistics for Execution Time (seconds):
  Mean: 85.858
  Median: 93.384
  Mode: 62.93286323547363
  Standard Deviation: 13.189
  Variance: 173.944
  Min: 62.93286323547363
  Max: 98.01053380966187
  IQR: 21.116

