Statistics for Chromatic Number:
  Mean: 12.000
  Median: 12.000
  Mode: 11
  Standard Deviation: 1.183
  Variance: 1.400
  Min: 10
  Max: 14
  IQR: 2.000

Statistics for Execution Time (seconds):
  Mean: 45.985
  Median: 45.222
  Mode: 39.55651330947876
  Standard Deviation: 4.770
  Variance: 22.750
  Min: 39.55651330947876
  Max: 53.87214493751526
  IQR: 6.366

