Statistics for Chromatic Number:
  Mean: 6.000
  Median: 6.000
  Mode: 6
  Standard Deviation: 0.000
  Variance: 0.000
  Min: 6
  Max: 6
  IQR: 0.000

Statistics for Execution Time (seconds):
  Mean: 7.054
  Median: 6.909
  Mode: 6.58432674407959
  Standard Deviation: 0.423
  Variance: 0.179
  Min: 6.58432674407959
  Max: 8.279499769210815
  IQR: 0.266

