Statistics for Chromatic Number:
  Mean: 6.000
  Median: 6.000
  Mode: 6
  Standard Deviation: 0.000
  Variance: 0.000
  Min: 6
  Max: 6
  IQR: 0.000

Statistics for Execution Time (seconds):
  Mean: 6.788
  Median: 6.767
  Mode: 6.268502473831177
  Standard Deviation: 0.390
  Variance: 0.152
  Min: 6.268502473831177
  Max: 7.725143909454346
  IQR: 0.448

