Statistics for Chromatic Number:
  Mean: 8.800
  Median: 9.000
  Mode: 9
  Standard Deviation: 0.400
  Variance: 0.160
  Min: 8
  Max: 9
  IQR: 0.000

Statistics for Execution Time (seconds):
  Mean: 13.982
  Median: 13.794
  Mode: 13.176834344863892
  Standard Deviation: 0.767
  Variance: 0.588
  Min: 13.176834344863892
  Max: 16.115960359573364
  IQR: 0.234

