Statistics for Chromatic Number:
  Mean: 6.000
  Median: 6.000
  Mode: 5
  Standard Deviation: 1.000
  Variance: 1.000
  Min: 5
  Max: 7
  IQR: 2.000

Statistics for Execution Time (seconds):
  Mean: 8.178
  Median: 8.123
  Mode: 7.4982311725616455
  Standard Deviation: 0.443
  Variance: 0.197
  Min: 7.4982311725616455
  Max: 9.010702133178711
  IQR: 0.386

